1.3557 0.339736 0.536551 1.4 1 1
1.3557 0.339736 0.536551 1.4 1 1
1.3557 0.339736 0.536551 1.4 1 1
1.3557 0.339736 0.536551 1.4 1 1
1.3557 0.339736 0.536551 1.4 1 1
1.3557 0.339736 0.536551 1.4 1 1
1.3557 0.339736 0.536551 1.4 1 1
1.3557 0.339736 0.536551 1.4 1 1
1.23987 0.234571 0.590076 1.4 1 1
1.33538 0.317905 0.710539 1.4 1 1
1.43669 0.401238 0.842133 1.4 1 1
1.54406 0.484571 0.985704 1.4 1 1
1.65775 0.567905 1.14215 1.4 1 1
1.77804 0.651238 1.31241 1.4 1 1
1.90521 0.734571 1.49749 1.4 1 1
2.03956 0.817905 1.69846 1.4 1 1
2.18139 0.901238 1.91642 1.4 1 1
2.331 0.984571 2.15258 1.4 1 1
